python main.py --mode generate_database --generate_db_dir_name '/extra_small/'  --db_nb_x 5 --db_nb_y 20 --db_nb_z 5



****** CONFIG DATABASE ***************
nb_x=5, nb_y=20, nb_z=5
d_x=0.15000009536743164, d_y=0.5, d_z=0.25
step_x=0.02500001589457194, step_y=0.023809523809523808, step_z=0.041666666666666664
range_x=6, range_y=21, range_z=6
delta_x=4, delta_y=11
**************************************
